[base]
env_name = drone

[vec]
total_agents = 1024
num_buffers = 8
num_threads = 8

[policy]
hidden_size = 64
num_layers = 2

[env]
task = 1
num_drones = 64
max_rings = 10
alpha_dist = 0.5602899637895572
alpha_hover = 0.18691658256215232
alpha_omega = 0.00010000000000000021
alpha_shaping = 10
hover_target_dist = 5.0
hover_dist = 0.1
hover_omega = 0.1
hover_vel = 0.1

[train]
beta1 = 0.9441482023028404
beta2 = 0.9999652591777111
clip_coef = 0.01
ent_coef = 0.0020037723526687536
eps = 3.587424560914664e-09
gae_lambda = 0.830816124241041
gamma = 0.9754204650932019
horizon = 64
learning_rate = 0.007916609535671186
max_grad_norm = 0.1
min_lr_ratio = 0
minibatch_size = 4096
prio_alpha = 0.6044847010385197
prio_beta0 = 1
replay_ratio = 2.0931513062144527
total_timesteps = 5.9104024e+07
vf_clip_coef = 1.9085544982750444
vf_coef = 5
vtrace_c_clip = 3.061192803089336
vtrace_rho_clip = 1.3582992315224223


[sweep.train.total_timesteps]
distribution = log_normal
min = 3e7
max = 2e8
mean = 8e7
scale = auto

[sweep.env.alpha_dist]
distribution = log_normal
min = 0.1
max = 100.0
mean = 1.0
scale = auto

[sweep.env.alpha_omega]
distribution = log_normal
min = 0.0001
max = 1.0
mean = 0.001
scale = auto

[sweep.env.alpha_hover]
distribution = log_normal
min = 0.001
max = 1.0
mean = 0.01
scale = auto

[sweep.env.alpha_shaping]
distribution = log_normal
min = 0.01
max = 10.0
mean = 1.0
scale = auto
