[base]
package = ocean
env_name = puffer_pong 
policy_name = Policy
rnn_name = Recurrent

[vec]
total_agents = 4096

[env]
width = 500
height = 640
paddle_width = 20
paddle_height = 70
ball_width = 32
ball_height = 32
paddle_speed = 8
ball_initial_speed_x = 10
ball_initial_speed_y = 1
ball_speed_y_increment = 3
ball_max_speed_y = 13
max_score = 21
frameskip = 4
continuous = 0

[train]
total_timesteps = 50_000_000
beta1 = 0.8946507418260217
beta2 = 0.9
eps = 0.0001
horizon = 64
clip_coef = 0.19696765958267629
ent_coef = 0.0005690816545012474
gae_lambda = 0.747650023961198
gamma = 0.9997053654668936
learning_rate = 0.044482546441415506
max_grad_norm = 2.2356112188495723
minibatch_size = 32768
prio_alpha = 0.98967001208896
prio_beta0 = 0.09999999999999998
vf_clip_coef = 2.178492167689251
vf_coef = 1.6832989594296321
vtrace_c_clip = 2.878171091654008
vtrace_rho_clip = 0.7876748061547312

[sweep.train.total_timesteps]
distribution = log_normal
min = 5e6
max = 5e7
scale = auto

[sweep.env.frameskip]
distribution = int_uniform
min = 1
max = 8
scale = 2.0
