[base]
package = ocean
env_name = puffer_pacman
policy_name = Policy
rnn_name = Recurrent

[vec]
num_envs = 4096

[env]
randomize_starting_position = 1
min_start_timeout = 0
max_start_timeout = 49
frightened_time = 35
max_mode_changes = 6
scatter_mode_length = 70
chase_mode_length = 140 

[train]
total_timesteps = 110_000_000
beta1 = 0.9038605017693528
beta2 = 0.9974184818428597
eps = 0.000023302187415940045
horizon = 64
clip_coef = 0.08819998793159559
ent_coef = 0.003877776836171818
gae_lambda = 0.9548561279014964
gamma = 0.9808956918725869
learning_rate = 0.07834293253084383
max_grad_norm = 1.4336515067572169
minibatch_size = 32768
prio_alpha = 0.912262602688309
prio_beta0 = 0.8868847849454541
vf_clip_coef = 0.2143010707893266
vf_coef = 0.31518694995467555
vtrace_c_clip = 0.30575543665366217
vtrace_rho_clip = 1.5301756939690652

[sweep]
downsample = 10
max_cost = 300

[sweep.train.total_timesteps]
distribution = log_normal
min = 2e7
max = 5e8
mean = 1e8
scale = auto

[sweep.policy.hidden_size]
distribution = uniform_pow2
min = 16
max = 1024
mean = 128
scale = auto

[sweep.env.num_envs]
distribution = uniform_pow2
min = 1
max = 4096
mean = 2048
scale = auto
